#!/usr/bin/python


"""
Following is produced using:
from cpblUtilities2 import shelfLoad  
from pca import *   
foo=shelfLoad('/home/projects/osm/workingData/osm10/master_id5_PCA_coefficients_planet_10_urban.pyshelf')
for k in [kk for kk in foo.keys() if kk not in ['df','method_comments']]: foo[k].to_csv(k+'-tmp.tsv')    
foo['df'].to_csv('foo-tmp.tsv')    
But we needed old version (prior to 2019-10-25) of pca.py in order to load that pyshelf file, since pca_result is no longer inherited from DataFrame.
"""

import pandas as pd
from collections import OrderedDict
import sys
if sys.version_info[0] < 3:
    from io import StringIO
else:
    from io import StringIO

def csvt_to_df(t, sep=','):
    return pd.read_csv(StringIO(t.strip())).set_index('varname')
    foiu
    return pd.DataFrame([x.split(sep) for x in t.strip().split('\n')][1:], columns=[x.split(sep) for x in t.strip().split('\n')][0]).set_index('varname')
def csvt_to_series(t, sep=','):
    df=pd.read_csv(StringIO(t.strip()))
    return df.set_index('varname' if 'varname' in df.columns else 'componentname')



PCA_result_2019_2020 =dict(
correlations = csvt_to_df("""
varname,PCA1,PCA2,PCA3,PCA4,PCA5,PCA6,PCA7,PCA8,PCA9,PCA10,PCA11,PCA12,PCA13
negdegree,0.7720417746807663,-0.20450027075727356,-0.49352006374237667,0.1371141743034536,0.17560684842294064,-0.0588572341333292,-0.014428744777459987,0.001615316483095618,0.011167558849450228,0.16108147879383053,-0.008012537567514166,0.19774238180766648,0.004198346245348365
fraction_deadend,0.7711401407907945,-0.1981903323438183,-0.5074501710302141,0.19744155294172952,0.13929755271904962,-0.01010888396663232,0.01185877494597657,-0.03602704193117213,0.0012931997321928388,0.09408168937796506,0.0021970199328407735,-0.18709063943145657,-0.069060443073982
logcircuity_0_500,0.5972953591128554,0.39753055973569834,-0.13875517853025174,-0.2505338114070425,-0.2150710020873823,0.4763527428266342,0.28184398738984645,0.041830926111607596,-0.2061894820682239,-0.000527360608242831,0.07873799209420705,0.009663595809086262,0.005155913366638413
logcircuity_500_1000,0.6533211915592422,0.4964977979267583,-0.045708821879240726,-0.30091621725964557,-0.19816406051980845,0.18506947103779092,-0.15212374857114866,-0.04523533508830614,0.29789685878333,0.0009283613183104936,-0.21575117093236695,-0.0046932439985715915,-0.000330467632364119
logcircuity_1000_1500,0.6340674085612983,0.5610033924803455,0.03327037661316959,-0.18049203715979026,-0.14157572074767094,-0.19104617258466702,-0.3264793767502809,-0.05827194612724119,-0.01849676050480717,0.0010542369446285439,0.2875192055722052,-0.003386981342625659,-0.0009215917333260721
logcircuity_1500_2000,0.5617772693640799,0.6197780336004325,0.12265480540534704,0.04455224981130754,-0.08383574235808243,-0.3811490816027472,0.008848819914602485,0.0016529382423238334,-0.2874107528519329,-0.011115727963146617,-0.21937082555929555,-0.003976744648766778,-0.0005938053213469802
logcircuity_2000_2500,0.4159862682573776,0.6417448500245482,0.23739172127442928,0.326283991585694,-0.0008801647555344456,-0.1987942295054879,0.38644989381085354,0.02841292686161405,0.23222764603483026,0.006389632155942525,0.09298142872903471,0.0038117563372548793,0.0012672729979727173
logcircuity_2500_3000,0.2433668328869598,0.45243428423111803,0.35840495960409136,0.539326174453414,0.330676944105184,0.3918454485626932,-0.224251927769251,-0.0005629477248740969,-0.055778416401177124,0.00327356479955582,-0.020007120897611495,0.0066143888220757795,0.001880714756337335
frc_length_bridge,0.4895352408649693,-0.5739139000264757,0.5305056631240445,-0.043970497650367174,-0.1629825499022529,0.015495065422804826,0.034638717388867674,-0.18142124682690403,-0.020085660338565063,0.2862133713405889,-0.003369486048669199,-0.034798393097098756,0.05610423889811698
frc_length_noncycle,0.7070108576805484,-0.5328045015355218,0.1897775303121524,0.04647244067716323,-0.030861961770413046,0.014719843051600422,0.057611385883356306,-0.32199922360581906,-0.009177838539590222,-0.24987795831287593,0.0021198815833473094,0.050871858321675185,-0.06922709166647424
frc_edges_noncycle,0.8381683149532112,-0.43983446121749115,-0.11778760947959623,0.10658633491253017,0.019705334503679638,-0.030073677762613514,-0.0250130008500706,0.1327076250458099,0.017598223267633318,-0.1877878893421868,0.0023495477615359944,-0.044495718784478,0.147295121292296
frc_edges_bridge,0.6294041458725951,-0.517351956280479,0.3712992229647134,-0.02212050601591662,-0.16616678136587634,-0.008959297076110227,-0.05626442522999233,0.39857004606401486,0.014674387255013492,-0.0012363877021865724,0.0027685830583980874,0.021038799663432042,-0.08638554380977385
logcurviness,0.34973897932444986,0.05682061706451352,0.2294586518640965,-0.5037762875523486,0.7473091547546987,-0.0479043542506613,0.078863522735729,0.028067764938752675,0.004035314853675387,-0.001004085199894136,0.005651643877274297,-0.013703663502085234,-0.0015043257692425507
"""),
data_means = csvt_to_series("""
varname,data_mean
negdegree,-2.8303675378032223
fraction_deadend,0.1938995209875757
logcircuity_0_500,0.17186301207993082
logcircuity_500_1000,0.15163308503586118
logcircuity_1000_1500,0.1326839886337719
logcircuity_1500_2000,0.10899568877464477
logcircuity_2000_2500,0.07702766891890014
logcircuity_2500_3000,0.03958868880572528
frc_length_bridge,0.04576044830113072
frc_length_noncycle,0.1683625923750888
frc_edges_noncycle,0.1831914893399157
frc_edges_bridge,0.0388459027416685
logcurviness,0.034455048569152755
"""),
data_stds= csvt_to_series("""
varname,data_std
negdegree,0.3429680685039067
fraction_deadend,0.12799681159868687
logcircuity_0_500,0.08438691033187842
logcircuity_500_1000,0.06012702604377113
logcircuity_1000_1500,0.04275427261228078
logcircuity_1500_2000,0.02797831394141562
logcircuity_2000_2500,0.01748327463656427
logcircuity_2500_3000,0.011484248546405224
frc_length_bridge,0.09259988437312076
frc_length_noncycle,0.15402234858926675
frc_edges_noncycle,0.14273719661948095
frc_edges_bridge,0.06297828608043096
logcurviness,0.026418496738454776
"""),
pca_coefs = csvt_to_df("""
varname,PCA1,PCA2,PCA3,PCA4,PCA5,PCA6,PCA7,PCA8,PCA9,PCA10,PCA11,PCA12,PCA13
negdegree,0.3493185,-0.1205319,-0.442266,0.14351960000000002,0.1865444,-0.0733825,-0.022165,0.0028414,0.0213967,0.3477211,-0.018252,0.6960221999999999,0.0205068
fraction_deadend,0.34891059999999996,-0.1168128,-0.4547494000000001,0.2066652,0.1479736,-0.0126036,0.0182174,-0.0633757,0.0024774000000000003,0.20309100000000002,0.0050048,-0.6585274999999999,-0.3372976
logcircuity_0_500,0.2702526,0.23430340000000002,-0.12434489999999998,-0.2622375,-0.22846660000000002,0.5939114999999999,0.4329633,0.0735852,-0.39506030000000003,-0.0011384000000000001,0.1793605,0.0340147,0.025183700000000003
logcircuity_500_1000,0.2956021,0.2926344,-0.04096180000000001,-0.3149735,-0.21050660000000002,0.23074270000000002,-0.2336894,-0.079574,0.5707711999999999,0.0020039999999999997,-0.4914683,-0.016519,-0.0016120000000000002
logcircuity_1000_1500,0.2868906,0.3306538,0.0298151,-0.1889237,-0.15039370000000002,-0.2381942,-0.5015311,-0.1025068,-0.0354403,0.0022757,0.6549515,-0.0119211,-0.004499100000000001
logcircuity_1500_2000,0.25418209999999997,0.3652954,0.10991660000000002,0.046633600000000004,-0.0890574,-0.4752125,0.0135935,0.0029076999999999996,-0.5506806,-0.0239952,-0.4997137,-0.0139971,-0.0028986
logcircuity_2000_2500,0.1882174,0.3782426,0.21273760000000003,0.3415265,-0.000935,-0.24785439999999997,0.5936568,0.0499815,0.44494880000000003,0.013793000000000001,0.21180610000000002,0.0134167,0.0061903
logcircuity_2500_3000,0.11011389999999999,0.2666635,0.32118309999999994,0.564521,0.351273,0.4885487,-0.3444914,-0.0009903,-0.1068719,0.007066599999999999,-0.045575,0.023281599999999996,0.0091866
frc_length_bridge,0.22149539999999998,-0.3382632,0.4754104,-0.0460245,-0.1731339,0.0193191,0.053211400000000006,-0.3191402,-0.0384844,0.6178389,-0.007675499999999999,-0.12248350000000001,0.2740199
frc_length_noncycle,0.3198946,-0.3140335,0.1700683,0.0486435,-0.0327842,0.018352599999999997,0.08850160000000001,-0.5664325,-0.0175851,-0.5394026999999999,0.004829,0.1790621,-0.33811240000000004
frc_edges_noncycle,0.3792382,-0.25923720000000006,-0.1055549,0.11156569999999999,0.0209326,-0.0374955,-0.03842430000000001,0.2334473,0.0337179,-0.405371,0.0053522,-0.1566162,0.7194079000000001
frc_edges_bridge,0.28478059999999994,-0.30492579999999997,0.3327382,-0.0231538,-0.1765164,-0.0111703,-0.0864322,0.7011288,0.0281159,-0.0026689,0.0063067,0.0740545,-0.42191590000000007
logcurviness,0.1582431,0.0334899,0.20562840000000002,-0.5273103,0.7938549,-0.0597266,0.12114860000000001,0.0493743,0.0077315,-0.0021674,0.012874000000000002,-0.0482342,-0.007347399999999999
"""),
eigenvalues = csvt_to_series("""
componentname,eigenvalue
PCA1,4.884705
PCA2,2.8786169999999998
PCA3,1.24521
PCA4,0.9127311
PCA5,0.8861726999999999
PCA6,0.6433005999999999
PCA7,0.42375569999999996
PCA8,0.323157
PCA9,0.2724
PCA10,0.21459989999999998
PCA11,0.1927149
PCA12,0.08071510000000001
PCA13,0.0419207
"""),
explained= csvt_to_series("""
componentname,explained
PCA1,0.37574650000000004
PCA2,0.22143209999999997
PCA3,0.09578540000000002
PCA4,0.07021009999999994
PCA5,0.06816710000000004
PCA6,0.04948470000000005
PCA7,0.032596599999999976
PCA8,0.02485819999999983
PCA9,0.020953800000000133
PCA10,0.016507699999999903
PCA11,0.014824300000000235
PCA12,0.006208799999999903
PCA13,0.0032246999999999693
"""),
method_comments= 'allunweighted cor stata osmanalysis-disconnectivity_id_5_planet_10_urban',
)
